miv

cl. Remuants,
1 1
2 2
5 17,18
10 5
12 3
14 4
¹⁵ ⁶» 7
16 8
17 9
19 10
20 11,12,13
21 14,15,16
28 149
29 74 (a)
74 (b)
31 75 (a)
32 75 (b)
33 76
34 77
35 78
38 · 79
49 58
4¹ 59
42 60
43 19
44 20
45 21
46 22
47 23
48 24
49 25
50 26
51 28
⁵2 29
54 34
56 41

ΤΟ THE INSCRIPTIONS.

--0-.
(31. lztnnuuants.
57 42
58 43
59 44
69 45
62 61,62
63 63
64 64
73 65
166 7ο
167 46
168 47
169 48
170 51
171 52
172 53
173 49
174 54
175 55
177 59
178 57
179 56
181 66
185 67
187 68
190 69
191 71
195 159
196 82
197 103
198 151
199 104

200 152
201 105
202 106
539 84
531 85

107

124
125
126
127
128
129
130
131
132
133
ι34
¹3⁵
Ῐ37
138
149
141
142
14³

144
110

118

 

